1
2
3
4
6
7
8
9
11
12
14
16
18
19
21
22
24
25
27
28
29
32
33
36
37
38
41
42
44
48
49
50
53
54
56
57
58
63
64
65
66
67
72
74
75
76
77
79
81
82
84
85
87
88
89
96
97
98
99
100
101
106
108
109
111
112
114
115
116
121
123
126
128
130
131
132
133
134
139
144
147
148
150
152
154
155
158
159
162
164
167
168
169
170
171
174
175
176
178
179
189
191
192
193
194
195
196
198
200
201
202
203
209
212
215
216
218
221
222
223
224
225
228
229
230
231
232
235
237
239
241
242
243
246
252
255
256
257
259
260
261
262
263
264
266
267
268
275
277
278
281
287
288
289
291
294
295
296
297
299
300
303
304
305
307
308
310
313
316
317
318
319
324
327
328
333
334
336
337
338
340
342
343
345
348
350
352
353
355
356
358
361
363
365
367
369
371
373
378
382
384
386
388
390
391
392
393
396
399
400
402
403
404
406
407
409
415
417
418
424
430
432
436
441
442
443
444
446
448
450
451
455
456
458
460
462
464
465
469
470
474
475
477
478
479
482
484
486
487
492
501
504
507
509
510
512
513
514
515
518
520
521
522
524
525
526
527
528
529
532
534
535
536
537
539
541
550
551
553
554
556
559
562
563
565
567
569
571
573
574
576
577
578
579
582
583
585
588
590
592
593
594
595
598
599
600
601
603
606
607
608
609
610
611
614
616
620
623
625
626
627
632
634
635
636
638
645
647
648
653
654
656
661
663
666
668
669
672
674
675
676
677
679
680
683
684
685
686
687
690
691
693
696
700
703
704
705
706
707
710
711
712
713
715
716
717
722
723
725
726
727
729
730
731
734
737
738
742
745
746
751
755
756
757
763
764
765
767
768
769
771
772
776
777
779
780
782
783
784
785
786
787
789
792
793
798
799
800
801
804
805
806
808
811
812
814
815
818
825
829
830
831
834
836
841
843
847
848
860
861
864
865
867
869
872
873
882
883
884
885
886
887
888
891
892
896
897
900
902
905
909
910
912
915
916
917
919
920
921
923
924
925
928
930
931
935
937
938
939
940
941
947
948
949
950
951
953
954
956
957
958
961
964
967
968
971
972
973
974
979
981
983
984
985
989
991
995
999
1002
1003
1007
1008
1011
1013
1014
1018
1019
1020
1024
1025
1026
1028
1029
1030
1031
1035
1036
1037
1040
1042
1044
1048
1050
1052
1054
1055
1056
1058
1059
1063
1064
1065
1067
1068
1069
1070
1072
1073
1074
1078
1079
1081
1082
1083
1085
1087
1089
1093
1095
1097
1100
1101
1102
1106
1107
1108
1109
1111
1112
1113
1117
1118
1119
1123
1124
1126
1129
1130
1134
1135
1138
1142
1146
1148
1152
1153
1154
1156
1158
1163
1164
1165
1166
1169
1170
1173
1176
1179
1180
1181
1183
1184
1186
1187
1188
1189
1190
1196
1197
1198
1199
1200
1202
1206
1207
1209
1212
1213
1214
1216
1217
1218
1220
1221
1222
1225
1227
1228
1232
1235
1237
1240
1241
1245
1246
1249
1250
1251
1252
1253
1254
1255
1264
1265
1268
1270
1272
1273
1276
1277
1289
1290
1294
1296
1301
1303
1306
1307
1308
1312
1319
1322
1323
1325
1326
1329
1331
1332
1333
1336
1337
1338
1339
1344
1345
1348
1350
1351
1352
1353
1354
1355
1357
1358
1360
1361
1365
1366
1368
1369
1370
1372
1373
1374
1380
1381
1382
1386
1391
1392
1395
1399
1400
1403
1406
1407
1408
1410
1411
1412
1414
1415
1420
1421
1422
1424
1425
1426
1427
1430
1431
1432
1433
1434
1437
1441
1444
1446
1447
1450
1451
1452
1453
1454
1457
1458
1460
1461
1462
1463
1465
1468
1469
1471
1474
1476
1481
1483
1484
1489
1490
1492
1499
1501
1502
1503
1505
1510
1511
1512
1514
1517
1521
1523
1526
1527
1528
1529
1530
1531
1534
1536
1537
1538
1539
1542
1543
1544
1545
1547
1549
1552
1554
1555
1558
1559
1560
1561
1563
1564
1566
1568
1570
1572
1574
1575
1578
1581
1583
1584
1586
1587
1596
1598
1600
1601
1602
1603
1605
1608
1609
1610
1611
1612
1613
1615
1616
1617
1619
1622
1623
1624
1625
1627
1628
1630
1633
1636
1645
1650
1651
1653
1655
1658
1659
1660
1662
1663
1667
1668
1672
1673
1675
1677
1679
1681
1682
1686
1687
1689
1691
1693
1694
1695
1696
1701
1705
1707
1713
1719
1720
1722
1728
1730
1731
1733
1734
1735
1737
1738
1741
1744
1745
1746
1747
1749
1751
1753
1755
1759
1764
1766
1768
1770
1772
1774
1776
1779
1781
1782
1784
1785
1787
1789
1792
1794
1795
1797
1799
1800
1801
1803
1804
1809
1810
1813
1818
1819
1820
1821
1824
1827
1829
1830
1832
1833
1834
1837
1838
1840
1841
1842
1843
1846
1848
1849
1850
1856
1859
1860
1862
1869
1870
1871
1873
1874
1875
1876
1877
1878
1880
1881
1882
1885
1891
1894
1895
1896
1898
1900
1902
1905
1906
1907
1908
1909
1912
1913
1914
1915
1916
1919
1921
1922
1925
1928
1934
1935
1936
1937
1939
1941
1942
1943
1944
1945
1946
1948
1958
1959
1961
1962
1963
1966
1967
1968
1969
1970
1973
1975
1978
1979
1982
1983
1985
1987
1989
1990
1993
1998
2003
2004
2005
2006
2007
2009
2011
2014
2016
2021
2022
2023
2025
2026
2028
2029
2031
2036
2037
2038
2039
2040
2041
2048
2049
2050
2052
2053
2055
2056
2058
2060
2061
2062
2063
2065
2070
2071
2072
2073
2074
2079
2080
2081
2083
2084
2087
2088
2089
2093
2095
2096
2099
2100
2101
2104
2105
2108
2109
2110
2112
2113
2115
2116
2118
2119
2121
2123
2125
2126
2128
2129
2130
2131
2133
2134
2135
2136
