5
10
13
15
17
20
23
26
30
31
34
35
39
40
43
45
46
47
51
52
55
59
60
61
62
68
69
70
71
73
78
80
83
86
90
91
92
93
94
95
102
103
104
105
107
110
113
117
118
119
120
122
124
125
127
129
135
136
137
138
140
141
142
143
145
146
149
151
153
156
157
160
161
163
165
166
172
173
177
180
181
182
183
184
185
186
187
188
190
197
199
204
205
206
207
208
210
211
213
214
217
219
220
226
227
233
234
236
238
240
244
245
247
248
249
250
251
253
254
258
265
269
270
271
272
273
274
276
279
280
282
283
284
285
286
290
292
293
298
301
302
306
309
311
312
314
315
320
321
322
323
325
326
329
330
331
332
335
339
341
344
346
347
349
351
354
357
359
360
362
364
366
368
370
372
374
375
376
377
379
380
381
383
385
387
389
394
395
397
398
401
405
408
410
411
412
413
414
416
419
420
421
422
423
425
426
427
428
429
431
433
434
435
437
438
439
440
445
447
449
452
453
454
457
459
461
463
466
467
468
471
472
473
476
480
481
483
485
488
489
490
491
493
494
495
496
497
498
499
500
502
503
505
506
508
511
516
517
519
523
530
531
533
538
540
542
543
544
545
546
547
548
549
552
555
557
558
560
561
564
566
568
570
572
575
580
581
584
586
587
589
591
596
597
602
604
605
612
613
615
617
618
619
621
622
624
628
629
630
631
633
637
639
640
641
642
643
644
646
649
650
651
652
655
657
658
659
660
662
664
665
667
670
671
673
678
681
682
688
689
692
694
695
697
698
699
701
702
708
709
714
718
719
720
721
724
728
732
733
735
736
739
740
741
743
744
747
748
749
750
752
753
754
758
759
760
761
762
766
770
773
774
775
778
781
788
790
791
794
795
796
797
802
803
807
809
810
813
816
817
819
820
821
822
823
824
826
827
828
832
833
835
837
838
839
840
842
844
845
846
849
850
851
852
853
854
855
856
857
858
859
862
863
866
868
870
871
874
875
876
877
878
879
880
881
889
890
893
894
895
898
899
901
903
904
906
907
908
911
913
914
918
922
926
927
929
932
933
934
936
942
943
944
945
946
952
955
959
960
962
963
965
966
969
970
975
976
977
978
980
982
986
987
988
990
992
993
994
996
997
998
1000
1001
1004
1005
1006
1009
1010
1012
1015
1016
1017
1021
1022
1023
1027
1032
1033
1034
1038
1039
1041
1043
1045
1046
1047
1049
1051
1053
1057
1060
1061
1062
1066
1071
1075
1076
1077
1080
1084
1086
1088
1090
1091
1092
1094
1096
1098
1099
1103
1104
1105
1110
1114
1115
1116
1120
1121
1122
1125
1127
1128
1131
1132
1133
1136
1137
1139
1140
1141
1143
1144
1145
1147
1149
1150
1151
1155
1157
1159
1160
1161
1162
1167
1168
1171
1172
1174
1175
1177
1178
1182
1185
1191
1192
1193
1194
1195
1201
1203
1204
1205
1208
1210
1211
1215
1219
1223
1224
1226
1229
1230
1231
1233
1234
1236
1238
1239
1242
1243
1244
1247
1248
1256
1257
1258
1259
1260
1261
1262
1263
1266
1267
1269
1271
1274
1275
1278
1279
1280
1281
1282
1283
1284
1285
1286
1287
1288
1291
1292
1293
1295
1297
1298
1299
1300
1302
1304
1305
1309
1310
1311
1313
1314
1315
1316
1317
1318
1320
1321
1324
1327
1328
1330
1334
1335
1340
1341
1342
1343
1346
1347
1349
1356
1359
1362
1363
1364
1367
1371
1375
1376
1377
1378
1379
1383
1384
1385
1387
1388
1389
1390
1393
1394
1396
1397
1398
1401
1402
1404
1405
1409
1413
1416
1417
1418
1419
1423
1428
1429
1435
1436
1438
1439
1440
1442
1443
1445
1448
1449
1455
1456
1459
1464
1466
1467
1470
1472
1473
1475
1477
1478
1479
1480
1482
1485
1486
1487
1488
1491
1493
1494
1495
1496
1497
1498
1500
1504
1506
1507
1508
1509
1513
1515
1516
1518
1519
1520
1522
1524
1525
1532
1533
1535
1540
1541
1546
1548
1550
1551
1553
1556
1557
1562
1565
1567
1569
1571
1573
1576
1577
1579
1580
1582
1585
1588
1589
1590
1591
1592
1593
1594
1595
1597
1599
1604
1606
1607
1614
1618
1620
1621
1626
1629
1631
1632
1634
1635
1637
1638
1639
1640
1641
1642
1643
1644
1646
1647
1648
1649
1652
1654
1656
1657
1661
1664
1665
1666
1669
1670
1671
1674
1676
1678
1680
1683
1684
1685
1688
1690
1692
1697
1698
1699
1700
1702
1703
1704
1706
1708
1709
1710
1711
1712
1714
1715
1716
1717
1718
1721
1723
1724
1725
1726
1727
1729
1732
1736
1739
1740
1742
1743
1748
1750
1752
1754
1756
1757
1758
1760
1761
1762
1763
1765
1767
1769
1771
1773
1775
1777
1778
1780
1783
1786
1788
1790
1791
1793
1796
1798
1802
1805
1806
1807
1808
1811
1812
1814
1815
1816
1817
1822
1823
1825
1826
1828
1831
1835
1836
1839
1844
1845
1847
1851
1852
1853
1854
1855
1857
1858
1861
1863
1864
1865
1866
1867
1868
1872
1879
1883
1884
1886
1887
1888
1889
1890
1892
1893
1897
1899
1901
1903
1904
1910
1911
1917
1918
1920
1923
1924
1926
1927
1929
1930
1931
1932
1933
1938
1940
1947
1949
1950
1951
1952
1953
1954
1955
1956
1957
1960
1964
1965
1971
1972
1974
1976
1977
1980
1981
1984
1986
1988
1991
1992
1994
1995
1996
1997
1999
2000
2001
2002
2008
2010
2012
2013
2015
2017
2018
2019
2020
2024
2027
2030
2032
2033
2034
2035
2042
2043
2044
2045
2046
2047
2051
2054
2057
2059
2064
2066
2067
2068
2069
2075
2076
2077
2078
2082
2085
2086
2090
2091
2092
2094
2097
2098
2102
2103
2106
2107
2111
2114
2117
2120
2122
2124
2127
2132
