5652630141465198753154000605862453359435505449861806173027396228370428510786   80094448302261410511635327374061123807   102486220139820593768700920050089444743
30912964127464460916834652943489230918828128734027831252904324547733194769745   322292422634345047591115164420161817367   163740828765831571534997964370432315079
21028728432251349395   6600884903   4471333247
7219010327547784376327542782492759197425910018457709374333645476322833161830   205893421188604441622374494374083443839   139107949306863588627053041781749569083
48537228738482069409534511254105591016   26120324772203857967   17387515875641169827
396379011   81899   19079
448715141015413043856707228938812365645396773857525726412761754713528552118756142343602438530286671211398024644523417743914483494976376699550739568853474   53188389974858661249896252226219442080640530481844981786153827424403125628659   215647443727283396357924805688995367148995849392835962097339351681479080591099
90192803   52919   17903
89327973330262866150557328056445724912205030051709541183682782470196592113656   262512750595787063172254062751212938587   357904461706492159955458360779577186283
2859504057274094687   1061440907   4073459939
