10, 8399727703, 6005683627

10, 3311680243, 3235420571

25, 3518771647, 7903534227

25, 5331955845748967587028132991495363483226400068601469231764604844206295674422239746476598217492167559, 1476576879082624330960512899012161282928339109147824212526362874619349451847675766163760563223391799

30, 3382958983, 2335350531

35, 65781134861558743207631369580474976185027812674552692401328712362353801218336747370493110907315570070029991752225115106833140119930422983363800217191036903188856450643162892360158924703929751934027611, 35055232196697854653251687122827620628205341177556914150748122761285809719654240720031938469331699918685250526666749049516663166606154970142831270120586215239130761495699022342423151799145317212834663

35, 6543451307, 1374536679

10, 3230439900211822760863681396909716444382659947814475753332954796447440826910304614172433088887738331, 1580509749048201407646923912283099485303762814741864391532900918951954793594671301067027688876214763

100, 4480979851575478685644953698543552870197927657032345255851382315300177329520539280443513754588384487, 9746703188923144411517017056395300290040376227848475131115858009370036028984296743159971950591879887

100, 50695440851041665178249388400307290194046166253560776595072678314684006744304935321205647215458499338848792356985841972746584584677257335797933825573604547374478201300062363456548473819080423158474047, 45975896307679712431776871409795337103036036286737923986895525866061565180302902937926322116206385506189480220573293171505304726397635613413873823613628830185922168536036574800927554229442255124315167

50, 19130449702490890672389134636588377026303675426859651118972851504121157784199684263576587210990060267668198811640264549283486016465909459134729140960814357721880159007680643118160785999223578505912391, 38938618188136820243684597649002883003852762826705391905579207917853601743220394279495885835487850261741460581063728279778066110562953727041092957748370913128758899500755446946582420278717095259817999

35, 87870811568187083803307530462813640746747383306966219365807879113704289059654287575473424348879860336023369189252840156604419172111406058008836750669325932981535562039570216965846996672855819093762555, 10826847161770010054305820981227570142994104752602241515011732105242368478755038424211644915424612778357846392231239751829433176651910397861525732049589720947601321108340180078074845910124330161715343

35, 55762023677808973193883776133507863558881016609294002464419572774274279010265750076406358041651847292177483896079325243714991740103586382865580566214622829183934137131650848673764311963740944197722291, 51942811210509012418915723389022216651613749378473432083865993806992158927947846409903707415127759314342350231655224393289811663202185741751924517608882155047820369274416011137464833485735889480044603

15, 61945364494377154497080507144814162834079086247113326821966155887524428654629330017986482841885746404114516882091154309333393628736070989027043802991197051396121704045030656315411326509492556534938331, 68262366686255980499300072881276886598932983302711280637434881672116322777785463861324531207858224266385794135682267547337127920874948332203213664436663169721593888363304050236752828954751139799920911

15, 1164019933751297822325227271924063189778316394345986417734667035520457319545711611858532516793297291, 3943458708850305393956415471435279690593276866434078839559747107936738282021235993537903899774360539

25, 1730563569404251368147229180362152863043598323559983509812180055832613948768134764554026194460224691, 8548090226216731631049804696743369082867955133870566816722114307294642711376288114980601872363938187

25, 2148754364226269575415442317352394988598468567581397815520455119888594053982865588242427055027876211, 1888900454277561035222681296016591931882184802666976705544474405468729946984147498169740073233475527

25, 8541654119, 8823429899